2
01110                                                                                                                             
22212                                                                                                                             
11122                                                                                                                             
00122                                                                                                                             
01120
01110                                                                                                                             
22212                                                                                                                             
11122                                                                                                                             
00122                                                                                                                             
01120